  1.0000000e+000  0.0000000e+000  0.0000000e+000  0.0000000e+000 -5.0000000e-001 -2.5000000e-001  0.0000000e+000  0.0000000e+000  1.0000000e+000 -6.6666667e-002 -6.6666667e-002 -6.6666667e-002 -6.6666667e-002 -6.6666667e-002 -6.6666667e-002 -6.6666667e-002 -6.6666667e-002 -6.6666667e-002 -6.6666667e-002 -6.6666667e-002 -6.6666667e-002 -6.6666667e-002 -6.6666667e-002 -6.6666667e-002  0.0000000e+000
  0.0000000e+000  1.0000000e+000  0.0000000e+000  0.0000000e+000  0.0000000e+000 -2.5000000e-001 -2.5000000e-001  0.0000000e+000 -6.6666667e-002  1.0000000e+000 -6.6666667e-002 -6.6666667e-002 -6.6666667e-002 -6.6666667e-002 -6.6666667e-002 -6.6666667e-002 -6.6666667e-002 -6.6666667e-002 -6.6666667e-002 -6.6666667e-002 -6.6666667e-002 -6.6666667e-002 -6.6666667e-002 -6.6666667e-002  0.0000000e+000
  0.0000000e+000  0.0000000e+000  1.0000000e+000  0.0000000e+000  0.0000000e+000  0.0000000e+000 -2.5000000e-001 -2.5000000e-001 -6.6666667e-002 -6.6666667e-002  1.0000000e+000 -6.6666667e-002 -6.6666667e-002 -6.6666667e-002 -6.6666667e-002 -6.6666667e-002 -6.6666667e-002 -6.6666667e-002 -6.6666667e-002 -6.6666667e-002 -6.6666667e-002 -6.6666667e-002 -6.6666667e-002 -6.6666667e-002  0.0000000e+000
  0.0000000e+000  0.0000000e+000  0.0000000e+000  1.0000000e+000  0.0000000e+000  0.0000000e+000  0.0000000e+000 -2.5000000e-001 -6.6666667e-002 -6.6666667e-002 -6.6666667e-002  1.0000000e+000 -6.6666667e-002 -6.6666667e-002 -6.6666667e-002 -6.6666667e-002 -6.6666667e-002 -6.6666667e-002 -6.6666667e-002 -6.6666667e-002 -6.6666667e-002 -6.6666667e-002 -6.6666667e-002 -6.6666667e-002  0.0000000e+000
 -2.5000000e-001  0.0000000e+000  0.0000000e+000  0.0000000e+000  1.0000000e+000  0.0000000e+000  0.0000000e+000  0.0000000e+000 -6.6666667e-002 -6.6666667e-002 -6.6666667e-002 -6.6666667e-002  1.0000000e+000 -6.6666667e-002 -6.6666667e-002 -6.6666667e-002 -6.6666667e-002 -6.6666667e-002 -6.6666667e-002 -6.6666667e-002 -6.6666667e-002 -6.6666667e-002 -6.6666667e-002 -6.6666667e-002  0.0000000e+000
 -2.5000000e-001 -2.5000000e-001  0.0000000e+000  0.0000000e+000  0.0000000e+000  1.0000000e+000  0.0000000e+000  0.0000000e+000 -6.6666667e-002 -6.6666667e-002 -6.6666667e-002 -6.6666667e-002 -6.6666667e-002  1.0000000e+000 -6.6666667e-002 -6.6666667e-002 -6.6666667e-002 -6.6666667e-002 -6.6666667e-002 -6.6666667e-002 -6.6666667e-002 -6.6666667e-002 -6.6666667e-002 -6.6666667e-002  0.0000000e+000
  0.0000000e+000 -2.5000000e-001 -2.5000000e-001  0.0000000e+000  0.0000000e+000  0.0000000e+000  1.0000000e+000  0.0000000e+000 -6.6666667e-002 -6.6666667e-002 -6.6666667e-002 -6.6666667e-002 -6.6666667e-002 -6.6666667e-002  1.0000000e+000 -6.6666667e-002 -6.6666667e-002 -6.6666667e-002 -6.6666667e-002 -6.6666667e-002 -6.6666667e-002 -6.6666667e-002 -6.6666667e-002 -6.6666667e-002  0.0000000e+000
  0.0000000e+000  0.0000000e+000 -2.5000000e-001 -5.0000000e-001  0.0000000e+000  0.0000000e+000  0.0000000e+000  1.0000000e+000 -6.6666667e-002 -6.6666667e-002 -6.6666667e-002 -6.6666667e-002 -6.6666667e-002 -6.6666667e-002 -6.6666667e-002  1.0000000e+000 -6.6666667e-002 -6.6666667e-002 -6.6666667e-002 -6.6666667e-002 -6.6666667e-002 -6.6666667e-002 -6.6666667e-002 -6.6666667e-002  0.0000000e+000
 -2.5000000e-001  0.0000000e+000  0.0000000e+000  0.0000000e+000  0.0000000e+000  0.0000000e+000  0.0000000e+000  0.0000000e+000 -6.6666667e-002 -6.6666667e-002 -6.6666667e-002 -6.6666667e-002 -6.6666667e-002 -6.6666667e-002 -6.6666667e-002 -6.6666667e-002  1.0000000e+000 -6.6666667e-002 -6.6666667e-002 -6.6666667e-002 -6.6666667e-002 -6.6666667e-002 -6.6666667e-002 -6.6666667e-002  0.0000000e+000
 -2.5000000e-001 -2.5000000e-001  0.0000000e+000  0.0000000e+000  0.0000000e+000  0.0000000e+000  0.0000000e+000  0.0000000e+000 -6.6666667e-002 -6.6666667e-002 -6.6666667e-002 -6.6666667e-002 -6.6666667e-002 -6.6666667e-002 -6.6666667e-002 -6.6666667e-002 -6.6666667e-002  1.0000000e+000 -6.6666667e-002 -6.6666667e-002 -6.6666667e-002 -6.6666667e-002 -6.6666667e-002 -6.6666667e-002  0.0000000e+000
  0.0000000e+000 -2.5000000e-001 -2.5000000e-001  0.0000000e+000  0.0000000e+000  0.0000000e+000  0.0000000e+000  0.0000000e+000 -6.6666667e-002 -6.6666667e-002 -6.6666667e-002 -6.6666667e-002 -6.6666667e-002 -6.6666667e-002 -6.6666667e-002 -6.6666667e-002 -6.6666667e-002 -6.6666667e-002  1.0000000e+000 -6.6666667e-002 -6.6666667e-002 -6.6666667e-002 -6.6666667e-002 -6.6666667e-002  0.0000000e+000
  0.0000000e+000  0.0000000e+000 -2.5000000e-001 -5.0000000e-001  0.0000000e+000  0.0000000e+000  0.0000000e+000  0.0000000e+000 -6.6666667e-002 -6.6666667e-002 -6.6666667e-002 -6.6666667e-002 -6.6666667e-002 -6.6666667e-002 -6.6666667e-002 -6.6666667e-002 -6.6666667e-002 -6.6666667e-002 -6.6666667e-002  1.0000000e+000 -6.6666667e-002 -6.6666667e-002 -6.6666667e-002 -6.6666667e-002  0.0000000e+000
  0.0000000e+000  0.0000000e+000  0.0000000e+000  0.0000000e+000 -5.0000000e-001 -2.5000000e-001  0.0000000e+000  0.0000000e+000 -6.6666667e-002 -6.6666667e-002 -6.6666667e-002 -6.6666667e-002 -6.6666667e-002 -6.6666667e-002 -6.6666667e-002 -6.6666667e-002 -6.6666667e-002 -6.6666667e-002 -6.6666667e-002 -6.6666667e-002  1.0000000e+000 -6.6666667e-002 -6.6666667e-002 -6.6666667e-002  0.0000000e+000
  0.0000000e+000  0.0000000e+000  0.0000000e+000  0.0000000e+000  0.0000000e+000 -2.5000000e-001 -2.5000000e-001  0.0000000e+000 -6.6666667e-002 -6.6666667e-002 -6.6666667e-002 -6.6666667e-002 -6.6666667e-002 -6.6666667e-002 -6.6666667e-002 -6.6666667e-002 -6.6666667e-002 -6.6666667e-002 -6.6666667e-002 -6.6666667e-002 -6.6666667e-002  1.0000000e+000 -6.6666667e-002 -6.6666667e-002  0.0000000e+000
  0.0000000e+000  0.0000000e+000  0.0000000e+000  0.0000000e+000  0.0000000e+000  0.0000000e+000 -2.5000000e-001 -2.5000000e-001 -6.6666667e-002 -6.6666667e-002 -6.6666667e-002 -6.6666667e-002 -6.6666667e-002 -6.6666667e-002 -6.6666667e-002 -6.6666667e-002 -6.6666667e-002 -6.6666667e-002 -6.6666667e-002 -6.6666667e-002 -6.6666667e-002 -6.6666667e-002  1.0000000e+000 -6.6666667e-002  0.0000000e+000
  0.0000000e+000  0.0000000e+000  0.0000000e+000  0.0000000e+000  0.0000000e+000  0.0000000e+000  0.0000000e+000 -2.5000000e-001 -6.6666667e-002 -6.6666667e-002 -6.6666667e-002 -6.6666667e-002 -6.6666667e-002 -6.6666667e-002 -6.6666667e-002 -6.6666667e-002 -6.6666667e-002 -6.6666667e-002 -6.6666667e-002 -6.6666667e-002 -6.6666667e-002 -6.6666667e-002 -6.6666667e-002  1.0000000e+000  0.0000000e+000
  0.0000000e+000  0.0000000e+000  0.0000000e+000  0.0000000e+000  0.0000000e+000  0.0000000e+000  0.0000000e+000  0.0000000e+000  0.0000000e+000  0.0000000e+000  0.0000000e+000  0.0000000e+000  0.0000000e+000  0.0000000e+000  0.0000000e+000  0.0000000e+000  0.0000000e+000  0.0000000e+000  0.0000000e+000  0.0000000e+000  0.0000000e+000  0.0000000e+000  0.0000000e+000  0.0000000e+000  1.0000000e+000
  0.0000000e+000  0.0000000e+000  0.0000000e+000  0.0000000e+000  0.0000000e+000  0.0000000e+000  0.0000000e+000  0.0000000e+000  0.0000000e+000  0.0000000e+000  0.0000000e+000  0.0000000e+000  0.0000000e+000  0.0000000e+000  0.0000000e+000  0.0000000e+000  0.0000000e+000  0.0000000e+000  0.0000000e+000  0.0000000e+000  0.0000000e+000  0.0000000e+000  0.0000000e+000  0.0000000e+000 -1.0000000e+000